n0 = 3, n1 = 2, n2 = 2, ng = 2, p = 7, f = 0, rnd = 1 
start_value = 1, stop_value = 2

num_vals = 128
a0 table = 32 words
a1 table = 16 words

max_err = 0.00168679  x_max_err = 1.375  bits_max_err = 9.2115

avg_err = -8.63095e-05

max_bits_a0 = 8.98299

max_bits_a0_x = 1

max_bits_a0_y = 0.1111110100
max_bits_a0_y = 0.988281

max_bits_a1 = 3.45943

max_bits_a1_x = 1

max_bits_a1_y = 0.0000001011
max_bits_a1_y = 0.0107422

